120 55 75 95
111 53 75 95
104 50 75 95
98 45 75 95
92 40 75 95
87 36 75 95
86 35 75 95
84 36 75 95
84 42 75 95
82 48 75 95
80 54 75 95
76 56 75 95
70 56 75 95
64 55 75 95
58 54 75 95
53 50 75 95
53 46 75 95
53 42 75 95
56 41 75 95
61 41 75 95
66 44 75 95
68 47 75 95
69 50 75 95
74 51 75 95
78 53 75 95
83 53 75 95
88 50 75 95
93 45 75 95
98 37 75 95
107 30 75 95
116 26 75 95
124 27 75 95
129 31 75 95
131 35 75 95
134 37 75 95
136 38 75 95
138 40 75 95
138 41 75 95
138 40 75 95
140 38 75 95
140 36 75 95
139 33 75 95
140 33 75 95
139 35 75 95
139 37 75 95
139 39 75 95
138 40 75 95
138 42 75 95
138 42 75 95
140 41 75 95
141 38 75 95
144 34 75 95
149 32 75 95
152 33 75 95
154 39 75 95
153 47 75 95
151 54 75 95
150 60 75 95
149 63 75 95
145 60 75 95
144 55 75 95
